-------------------------
1. [20, 21, 22, 23], Acceptance Ratio: 0.8849506101104009
2. [10, 12, 11, 14, 13, 15, 16, 17, 18, 19], Acceptance Ratio: 0.8651502843216897
3. [10, 12, 11, 17, 18, 19], Acceptance Ratio: 0.8455696202531646
4. [10, 12, 11, 14, 16, 17, 18, 19], Acceptance Ratio: 0.8446057406796437
5. [10, 12, 18, 19], Acceptance Ratio: 0.8021486123545211
6. [10, 12, 11, 14, 13, 15, 16, 17, 22, 19], Acceptance Ratio: 0.7308486099308
7. [53, 66, 63, 75, 68, 57], Acceptance Ratio: 0.7194695155645607
8. [10, 21, 11, 14, 13, 15, 16, 17, 18, 19], Acceptance Ratio: 0.7187082675731455
9. [10, 12, 11, 14, 16, 17, 22, 19], Acceptance Ratio: 0.6978157095327644
10. [20, 12, 11, 14, 13, 15, 16, 17, 18, 23], Acceptance Ratio: 0.6867744385374851
11. [10, 21, 11, 14, 16, 17, 18, 19], Acceptance Ratio: 0.6862433097063503
12. [10, 12, 11, 17, 22, 19], Acceptance Ratio: 0.680379180826328
13. [10, 21, 11, 17, 18, 19], Acceptance Ratio: 0.6675013414416026
14. [20, 21, 1, 7, 22, 23], Acceptance Ratio: 0.6635582106950313
15. [10, 12, 11, 14, 13, 15, 6, 17, 18, 19], Acceptance Ratio: 0.6446808510638298
16. [10, 12, 24, 14, 13, 15, 16, 17, 18, 19], Acceptance Ratio: 0.6445400996828274
17. [20, 12, 11, 14, 16, 17, 18, 23], Acceptance Ratio: 0.6425947041682504
18. [53, 66, 68, 57], Acceptance Ratio: 0.6403123474865788
19. [10, 12, 11, 4, 13, 15, 16, 17, 18, 19], Acceptance Ratio: 0.6384337092998511
20. [10, 12, 11, 14, 3, 15, 16, 17, 18, 19], Acceptance Ratio: 0.6382978723404256
21. [10, 12, 11, 14, 13, 5, 16, 17, 18, 19], Acceptance Ratio: 0.6374374800468234
22. [20, 21, 11, 14, 13, 15, 16, 17, 18, 23], Acceptance Ratio: 0.6297179181565355
23. [49, 66, 63, 75, 68, 52], Acceptance Ratio: 0.6264635124298317
24. [20, 21, 1, 4, 6, 7, 22, 23], Acceptance Ratio: 0.623676208451295
25. [10, 21, 11, 14, 13, 15, 16, 17, 22, 19], Acceptance Ratio: 0.6106954225352113
26. [94, 95, 63, 75, 78, 79, 96, 97], Acceptance Ratio: 0.6101218369259607
27. [94, 95, 78, 79, 63, 75, 96, 97], Acceptance Ratio: 0.6091846298031864
28. [20, 21, 1, 4, 3, 5, 6, 7, 22, 23], Acceptance Ratio: 0.6084428612373582
29. [10, 12, 24, 14, 16, 17, 18, 19], Acceptance Ratio: 0.6076759061833689
30. [20, 12, 11, 17, 18, 23], Acceptance Ratio: 0.604474204839446
31. [10, 12, 22, 19], Acceptance Ratio: 0.6044740599714422
32. [10, 12, 11, 14, 6, 17, 18, 19], Acceptance Ratio: 0.6012877662209014
33. [20, 12, 11, 14, 13, 15, 16, 17, 22, 23], Acceptance Ratio: 0.6009137862534764
34. [10, 12, 11, 14, 13, 15, 16, 7, 18, 19], Acceptance Ratio: 0.599228715514684
35. [10, 12, 1, 14, 13, 15, 16, 17, 18, 19], Acceptance Ratio: 0.5953322784810127
36. [10, 12, 11, 4, 16, 17, 18, 19], Acceptance Ratio: 0.594500866980431
37. [10, 21, 18, 19], Acceptance Ratio: 0.5920990004759639
38. [10, 27, 22, 19], Acceptance Ratio: 0.5906663570931042
39. [20, 21, 11, 14, 16, 17, 18, 23], Acceptance Ratio: 0.5809698078682526
40. [10, 12, 24, 17, 18, 19], Acceptance Ratio: 0.5803946942736978
41. [10, 21, 11, 14, 16, 17, 22, 19], Acceptance Ratio: 0.5729005667181866
42. [10, 12, 11, 14, 13, 15, 6, 17, 22, 19], Acceptance Ratio: 0.5697005170227295
43. [37, 74, 76, 38], Acceptance Ratio: 0.5625
44. [20, 21, 11, 14, 13, 15, 16, 17, 22, 23], Acceptance Ratio: 0.5549958787434747
45. [20, 12, 11, 14, 16, 17, 22, 23], Acceptance Ratio: 0.5544373284537969
46. [10, 12, 11, 14, 16, 7, 18, 19], Acceptance Ratio: 0.5525088178404824
47. [10, 12, 24, 14, 13, 15, 16, 17, 22, 19], Acceptance Ratio: 0.5496435582188243
48. [10, 12, 11, 4, 13, 15, 16, 17, 22, 19], Acceptance Ratio: 0.5493218850619572
49. [10, 12, 11, 14, 3, 15, 16, 17, 22, 19], Acceptance Ratio: 0.5492147107599259
50. [10, 12, 11, 14, 13, 15, 16, 7, 22, 19], Acceptance Ratio: 0.5490696825975921
51. [10, 12, 1, 14, 16, 17, 18, 19], Acceptance Ratio: 0.5489303595812471
52. [10, 12, 11, 14, 13, 5, 16, 17, 22, 19], Acceptance Ratio: 0.5483996877439501
53. [10, 21, 11, 4, 13, 15, 16, 17, 18, 19], Acceptance Ratio: 0.5463947702214851
54. [10, 21, 11, 14, 13, 15, 6, 17, 18, 19], Acceptance Ratio: 0.5453126524241537
55. [10, 21, 11, 17, 22, 19], Acceptance Ratio: 0.5448618441477802
56. [94, 95, 78, 79, 96, 97], Acceptance Ratio: 0.5446217904233172
57. [10, 21, 11, 14, 3, 15, 16, 17, 18, 19], Acceptance Ratio: 0.5443371378402106
58. [10, 21, 11, 14, 13, 5, 16, 17, 18, 19], Acceptance Ratio: 0.5435206869633099
59. [10, 21, 24, 14, 13, 15, 16, 17, 18, 19], Acceptance Ratio: 0.5434445707201156
60. [94, 95, 63, 75, 96, 97], Acceptance Ratio: 0.5427261358899542
61. [10, 21, 1, 14, 13, 15, 16, 17, 18, 19], Acceptance Ratio: 0.5399981756818388
62. [20, 21, 11, 17, 18, 23], Acceptance Ratio: 0.5383993532740501
63. [20, 21, 24, 7, 22, 23], Acceptance Ratio: 0.536248191609066
64. [49, 66, 68, 52], Acceptance Ratio: 0.5350734094616639
65. [20, 12, 11, 14, 13, 15, 6, 17, 18, 23], Acceptance Ratio: 0.5342355978986733
66. [10, 12, 11, 14, 13, 5, 6, 17, 18, 19], Acceptance Ratio: 0.5310665147664535
67. [20, 12, 11, 4, 13, 15, 16, 17, 18, 23], Acceptance Ratio: 0.5289874432273578
68. [20, 12, 11, 14, 3, 15, 16, 17, 18, 23], Acceptance Ratio: 0.5288932419196866
69. [20, 12, 24, 14, 13, 15, 16, 17, 18, 23], Acceptance Ratio: 0.5281921380992589
70. [20, 12, 11, 14, 13, 5, 16, 17, 18, 23], Acceptance Ratio: 0.5281439258995368
71. [10, 12, 24, 4, 13, 15, 16, 17, 18, 19], Acceptance Ratio: 0.525830258302583
72. [10, 12, 11, 14, 3, 5, 16, 17, 18, 19], Acceptance Ratio: 0.5258084304618351
73. [10, 12, 11, 4, 3, 15, 16, 17, 18, 19], Acceptance Ratio: 0.5248860848229933
74. [10, 12, 11, 14, 6, 17, 22, 19], Acceptance Ratio: 0.5242522683992383
75. [10, 12, 1, 14, 13, 15, 16, 17, 22, 19], Acceptance Ratio: 0.5153698805071605
76. [20, 12, 11, 17, 22, 23], Acceptance Ratio: 0.5149555375909458
77. [20, 12, 18, 23], Acceptance Ratio: 0.5140872250096488
78. [10, 12, 24, 14, 16, 17, 22, 19], Acceptance Ratio: 0.5103530819868343
79. [10, 21, 11, 14, 13, 15, 16, 7, 18, 19], Acceptance Ratio: 0.509850419554907
80. [10, 12, 1, 17, 18, 19], Acceptance Ratio: 0.5079024912938654
81. [10, 12, 11, 7, 18, 19], Acceptance Ratio: 0.5070309361189232
82. [20, 21, 11, 14, 16, 17, 22, 23], Acceptance Ratio: 0.5060969254820219
83. [10, 12, 11, 4, 16, 17, 22, 19], Acceptance Ratio: 0.5046498599439776
84. [10, 21, 24, 14, 16, 17, 18, 19], Acceptance Ratio: 0.5046080191502095
85. [10, 21, 22, 19], Acceptance Ratio: 0.5034632891351672
86. [20, 12, 11, 14, 13, 15, 16, 7, 18, 23], Acceptance Ratio: 0.5023442732752846
87. [20, 21, 24, 14, 13, 15, 16, 17, 18, 23], Acceptance Ratio: 0.5021720243266725
88. [10, 21, 11, 4, 16, 17, 18, 19], Acceptance Ratio: 0.5019607843137255
89. [10, 21, 11, 14, 6, 17, 18, 19], Acceptance Ratio: 0.5018483253052537
90. [10, 12, 11, 14, 16, 7, 22, 19], Acceptance Ratio: 0.5004149377593361
91. [10, 12, 11, 4, 6, 17, 18, 19], Acceptance Ratio: 0.500396510705789
92. [0, 2, 24, 4, 3, 5, 6, 7, 8, 9], Acceptance Ratio: 0.5002179598953793
93. [20, 21, 24, 4, 6, 7, 22, 23], Acceptance Ratio: 0.5000562113546936
-------------------------
